# 33 different group configurations
[[ 0,  1], [ 2,  3], [ 4,  5], [ 6,  7], [ 8,  9], [10, 11], [12, 13], [14, 15], [16, 17], [18, 19], [20, 21], [22, 23], [24, 25], [26, 27], [28, 29], [30, 31], [32, 33]]
[[ 4, 18], [11, 22], [26, 15], [ 9, 10], [28, 14], [20, 17], [27,  0], [ 2, 13], [31, 24], [23, 16], [ 6,  3], [ 8, 29], [12, 30], [32,  1], [ 7, 25], [21, 33], [19,  5]]
[[13,  8], [ 7, 33], [15,  9], [32, 30], [28, 12], [ 4,  0], [14, 11], [23, 29], [19, 27], [18, 24], [ 2, 26], [ 1, 20], [ 3, 16], [17,  6], [25,  5], [10, 31], [22, 21]]
[[27,  2], [20, 12], [ 6, 23], [22, 30], [15, 28], [14, 17], [21, 31], [19,  1], [29, 11], [10,  7], [25, 18], [26, 24], [ 5, 32], [ 3,  8], [13,  4], [16, 33], [ 9,  0]]
[[ 5, 33], [13, 32], [ 0, 25], [23,  4], [22, 24], [ 2, 17], [26,  3], [ 1, 27], [29,  9], [ 7, 28], [18, 16], [21, 11], [ 8, 30], [19, 14], [12, 15], [31, 20], [10,  6]]
[[22,  0], [30, 29], [13, 17], [11, 32], [ 9, 12], [23, 15], [ 6, 28], [25, 21], [24,  8], [ 2, 18], [ 3, 14], [26,  4], [ 1, 10], [33, 20], [19, 31], [ 5, 27], [ 7, 16]]
[[ 3, 10], [22, 27], [21, 17], [20, 30], [ 5, 11], [ 4, 14], [18,  1], [ 2,  9], [19, 24], [12,  7], [ 6, 29], [23, 33], [16,  8], [25, 13], [32, 28], [26,  0], [31, 15]]
[[ 2, 19], [26, 29], [ 4, 11], [33, 13], [ 3, 25], [ 6, 15], [23, 28], [ 8, 32], [14,  1], [21, 12], [ 0,  5], [10, 16], [ 9, 30], [31, 18], [17,  7], [22, 20], [24, 27]]
[[32, 16], [33,  4], [ 3, 17], [ 9, 21], [28,  8], [25, 15], [18, 29], [22,  7], [24, 14], [12, 27], [13, 19], [26,  5], [ 2, 30], [ 1, 11], [20, 23], [ 0, 10], [31,  6]]
[[23, 17], [30, 16], [24, 29], [ 2, 33], [21, 26], [10, 27], [ 6, 19], [11, 12], [ 7,  9], [32, 15], [ 0, 31], [ 3, 18], [14,  5], [25,  8], [28,  1], [20, 13], [ 4, 22]]
[[ 8, 19], [31, 29], [ 7, 14], [12,  3], [15, 33], [ 5, 10], [18, 17], [23, 13], [21, 28], [ 4, 16], [25,  9], [32, 20], [30, 24], [11,  0], [26, 22], [ 6, 27], [ 1,  2]]
[[24, 13], [ 5, 29], [ 2, 12], [26, 33], [27, 11], [10, 17], [14, 18], [31,  3], [21, 32], [23,  0], [22, 15], [ 4, 20], [19,  9], [28, 16], [ 1, 30], [ 8,  7], [ 6, 25]]
[[ 7,  1], [ 2, 16], [15, 11], [12,  0], [22, 14], [29, 19], [33, 27], [26, 18], [21,  5], [20,  9], [17, 31], [ 6,  4], [ 3, 28], [25, 30], [24, 32], [23,  8], [10, 13]]
[[19, 22], [33,  8], [15, 16], [20,  3], [ 7, 26], [12, 18], [ 6, 14], [32, 31], [28, 27], [30, 17], [ 5, 23], [13, 29], [ 2, 10], [ 4, 21], [11,  9], [ 0, 24], [ 1, 25]]
[[26, 14], [19, 28], [30, 21], [27, 13], [32, 18], [ 4,  2], [22,  5], [23,  1], [12, 17], [ 8,  0], [11,  7], [24, 15], [ 9, 31], [10, 20], [16, 25], [29,  3], [33,  6]]
[[ 7,  3], [ 5, 13], [31,  4], [15,  1], [ 2, 28], [30,  6], [ 9, 32], [21, 10], [25, 33], [14,  8], [16, 29], [11, 24], [ 0, 20], [26, 12], [22, 18], [17, 19], [23, 27]]
[[30, 27], [19, 20], [12, 16], [28,  5], [ 1,  9], [ 6, 32], [11,  8], [ 7, 29], [17, 24], [ 4,  3], [33, 18], [31, 25], [ 0,  2], [15, 10], [22, 13], [23, 26], [21, 14]]
[[ 8, 22], [ 2, 24], [ 0, 21], [10, 18], [23, 11], [ 3, 33], [ 9,  5], [27, 31], [20,  7], [30,  4], [12, 19], [ 1, 17], [13, 14], [29, 15], [28, 25], [32, 26], [16,  6]]
[[25, 27], [19, 33], [20,  2], [ 5, 18], [ 3, 32], [31, 14], [ 7, 24], [22, 17], [ 1,  8], [ 6, 21], [ 0, 15], [11, 28], [29, 12], [16, 13], [30, 23], [ 4, 10], [26,  9]]
[[19,  7], [31, 13], [ 8, 18], [24,  1], [33,  9], [26, 10], [ 3,  0], [ 6, 20], [21, 27], [12,  5], [14, 32], [ 4, 28], [17, 25], [22, 29], [11, 16], [30, 15], [23,  2]]
[[ 9,  4], [19, 30], [23, 21], [32, 22], [ 1,  3], [10, 28], [20, 16], [ 6, 24], [29, 33], [12,  8], [ 2, 15], [13, 18], [17,  0], [ 7, 27], [31,  5], [26, 11], [14, 25]]
[[20, 24], [ 6, 18], [ 3, 30], [23, 14], [12, 31], [ 7, 32], [10,  8], [21, 16], [11, 25], [ 5,  2], [22, 33], [17,  9], [26, 13], [19,  4], [27, 15], [ 0, 28], [ 1, 29]]
[[11,  3], [10, 30], [24, 23], [ 5, 20], [19, 16], [28, 17], [13,  0], [ 9, 18], [ 4, 29], [ 1, 33], [26, 31], [ 2,  7], [12, 22], [27, 14], [ 6,  8], [32, 25], [15, 21]]
[[ 0, 19], [27, 16], [ 1, 13], [23, 10], [ 3, 22], [25, 12], [15,  8], [ 4, 24], [11,  2], [18,  7], [33, 14], [26, 20], [29, 21], [ 6,  9], [31, 28], [ 5, 30], [17, 32]]
[[ 9, 28], [ 0,  6], [ 4, 32], [ 2, 21], [31, 11], [33, 24], [12,  1], [ 3, 13], [23,  7], [30, 18], [17, 15], [ 5, 16], [22, 25], [ 8, 27], [19, 26], [20, 14], [10, 29]]
[[ 4, 12], [ 5,  6], [26,  1], [21,  7], [20,  8], [27,  3], [17, 29], [11, 30], [19, 15], [14,  0], [18, 28], [22, 10], [31, 33], [13,  9], [32, 23], [24, 16], [25,  2]]
[[ 9,  3], [12, 24], [17,  4], [15, 18], [27, 29], [31, 22], [21,  8], [23, 25], [ 6, 26], [13, 11], [16, 14], [28, 20], [32,  2], [30,  7], [19, 10], [33,  0], [ 5,  1]]
[[ 3,  5], [21, 24], [15, 20], [19, 11], [22,  9], [30, 14], [33, 28], [ 7,  0], [13,  6], [27, 32], [ 8,  2], [12, 10], [29, 25], [26, 17], [23, 18], [ 4,  1], [31, 16]]
[[18, 21], [ 8, 26], [29, 32], [25, 10], [28, 24], [ 9, 23], [ 0, 30], [33, 12], [ 1,  6], [ 4, 27], [14,  2], [17,  5], [16, 22], [20, 11], [ 7, 31], [ 3, 19], [15, 13]]
[[25, 26], [ 2, 31], [29,  0], [ 8,  5], [27, 20], [10, 24], [ 9, 14], [11, 18], [32, 12], [16,  1], [ 3, 21], [ 7, 13], [19, 23], [ 6, 22], [15,  4], [30, 28], [33, 17]]
[[ 9, 24], [ 1, 21], [22, 28], [ 6,  2], [ 8,  4], [27, 17], [ 0, 18], [23, 31], [26, 16], [ 7,  5], [14, 12], [11, 33], [32, 10], [20, 29], [19, 25], [30, 13], [ 3, 15]]
[[32,  0], [13, 28], [11,  6], [ 8, 17], [25, 20], [30, 26], [ 1, 31], [27, 18], [15,  5], [10, 33], [ 3, 24], [19, 21], [ 4,  7], [14, 29], [ 2, 22], [23, 12], [16,  9]]
[[13, 21], [28, 26], [33, 30], [11, 17], [29,  2], [12,  6], [24,  5], [31,  8], [ 3, 23], [20, 18], [ 4, 25], [27,  9], [15,  7], [16,  0], [14, 10], [ 1, 22], [32, 19]]
