# 29 different group configurations
[[ 0,  1], [ 2,  3], [ 4,  5], [ 6,  7], [ 8,  9], [10, 11], [12, 13], [14, 15], [16, 17], [18, 19], [20, 21], [22, 23], [24, 25], [26, 27], [28, 29]]
[[27, 25], [24, 22], [16, 23], [ 8, 26], [ 7,  9], [21,  4], [29, 11], [ 6, 20], [18, 14], [ 0, 19], [ 3, 17], [ 1, 13], [10,  5], [12, 28], [15,  2]]
[[19, 20], [27, 23], [29,  7], [22,  3], [21, 15], [14, 26], [ 0,  6], [ 9, 12], [ 5,  1], [ 2, 25], [24, 11], [17, 13], [10, 28], [16, 18], [ 4,  8]]
[[10, 16], [11, 15], [ 8,  0], [23, 24], [13, 26], [27,  9], [ 7,  5], [12,  1], [ 6, 18], [ 3, 19], [14, 20], [28, 22], [ 4, 29], [ 2, 21], [17, 25]]
[[12,  7], [10, 22], [11,  8], [26,  9], [14,  6], [ 1, 25], [15, 18], [ 3,  5], [21, 19], [ 4,  0], [24, 17], [13, 29], [28, 27], [23,  2], [20, 16]]
[[24,  4], [20, 15], [ 0,  3], [ 8, 10], [25,  6], [18, 29], [ 9, 14], [22,  7], [13, 16], [ 1, 17], [ 5, 12], [19, 23], [26,  2], [11, 28], [27, 21]]
[[ 8, 27], [ 7, 17], [16,  2], [11, 21], [20, 23], [ 0,  5], [19, 25], [ 9, 10], [ 4, 28], [ 3, 14], [18, 13], [29, 12], [24, 26], [ 6,  1], [15, 22]]
[[ 7, 18], [11, 20], [19, 12], [ 9, 25], [ 1,  3], [29, 22], [28, 17], [21, 24], [13, 14], [ 5, 16], [ 8, 23], [10,  0], [27,  4], [ 6,  2], [26, 15]]
[[13, 19], [ 1,  2], [25,  4], [ 9, 23], [11, 18], [ 5, 24], [ 7, 28], [17,  6], [ 8, 20], [29,  0], [21, 14], [26,  3], [16, 12], [15, 10], [27, 22]]
[[29,  3], [ 0, 12], [19, 10], [25, 16], [15, 27], [20, 24], [17,  8], [ 2,  4], [21,  6], [14,  7], [ 1,  9], [11, 23], [18, 28], [13,  5], [26, 22]]
[[ 6, 28], [20,  5], [ 2, 17], [23, 29], [24, 12], [21, 26], [15, 19], [16,  4], [ 8,  1], [ 9,  3], [10,  7], [14, 25], [18,  0], [13, 22], [11, 27]]
[[ 4, 14], [15, 29], [ 2, 24], [ 5, 17], [19,  1], [11, 26], [10, 12], [ 8,  7], [27, 18], [ 9, 16], [20,  3], [22, 21], [ 0, 13], [28, 25], [ 6, 23]]
[[ 7, 26], [25, 29], [14, 28], [10, 13], [22, 16], [17, 21], [27,  3], [ 4,  9], [ 5, 11], [12, 18], [ 1, 20], [ 2,  0], [ 8, 19], [23, 15], [24,  6]]
[[14, 23], [ 9, 13], [ 4, 20], [ 5,  8], [19, 27], [10, 29], [ 1, 11], [ 7, 15], [22, 18], [25,  3], [ 6, 12], [28,  2], [16, 24], [ 0, 21], [17, 26]]
[[ 6,  3], [10, 25], [14,  5], [12,  8], [ 7, 21], [ 2, 19], [24, 29], [20, 22], [ 4, 13], [ 1, 26], [11, 17], [16, 27], [28, 15], [ 9, 18], [ 0, 23]]
[[ 7, 20], [16, 11], [ 3, 15], [ 5, 26], [10,  6], [19, 22], [21, 23], [25, 18], [12, 17], [ 4,  1], [27, 13], [14,  0], [28,  8], [ 2, 29], [24,  9]]
[[ 3, 16], [27,  5], [ 1, 15], [23, 28], [ 6, 26], [ 8, 13], [ 7,  2], [18, 10], [24, 14], [22, 17], [21, 29], [12,  4], [20,  9], [ 0, 25], [11, 19]]
[[22,  1], [29, 16], [13, 28], [ 3, 23], [12, 26], [21,  5], [ 4, 18], [27,  2], [ 6,  8], [ 7, 24], [14, 17], [19,  9], [20, 10], [ 0, 11], [25, 15]]
[[19, 29], [ 3,  7], [ 2, 13], [ 5, 28], [20, 17], [27,  1], [22,  8], [ 6,  4], [24, 15], [ 0,  9], [25, 26], [18, 21], [11, 12], [14, 16], [10, 23]]
[[ 3, 13], [15, 17], [25, 22], [ 6, 27], [12, 23], [ 1, 10], [ 4, 11], [16,  0], [19,  7], [24, 28], [21,  8], [ 2, 14], [26, 18], [20, 29], [ 9,  5]]
[[ 4, 26], [17, 10], [21, 12], [25, 20], [23,  7], [ 5, 19], [ 9,  2], [ 6, 13], [ 3, 18], [15,  0], [11, 22], [29, 27], [ 8, 24], [28, 16], [14,  1]]
[[25, 21], [ 1, 28], [22,  6], [24,  0], [27, 14], [20, 18], [ 7,  4], [29,  9], [ 3, 11], [12, 15], [19, 17], [16,  8], [ 5,  2], [13, 23], [10, 26]]
[[28, 20], [ 4, 10], [13, 24], [ 3, 21], [ 1,  7], [ 2, 11], [12, 27], [19, 16], [ 0, 17], [26, 23], [ 6, 15], [ 8, 18], [29, 14], [ 9, 22], [ 5, 25]]
[[22,  5], [20, 27], [15,  8], [11, 25], [10,  3], [12,  2], [ 4, 17], [18, 24], [26,  0], [ 9, 28], [ 6, 29], [13, 21], [ 1, 23], [ 7, 16], [19, 14]]
[[ 9, 11], [16, 26], [ 3,  4], [ 8, 14], [29,  1], [15,  5], [ 2, 20], [19,  6], [27, 17], [10, 24], [13, 25], [ 7,  0], [21, 28], [22, 12], [23, 18]]
[[ 0, 22], [21,  9], [ 5, 23], [ 4, 19], [12, 25], [11, 14], [17, 18], [ 2, 10], [15, 13], [20, 26], [24,  1], [28,  3], [27,  7], [ 6, 16], [29,  8]]
[[ 3, 24], [ 9,  6], [ 2, 18], [28,  0], [23, 17], [10, 27], [ 1, 21], [14, 12], [26, 19], [ 5, 29], [20, 13], [ 7, 11], [22,  4], [ 8, 25], [15, 16]]
[[18,  1], [ 6,  5], [23,  4], [ 2, 22], [24, 19], [ 3,  8], [13, 11], [21, 16], [27,  0], [ 9, 15], [12, 20], [25,  7], [29, 17], [14, 10], [26, 28]]
[[23, 25], [24, 27], [ 3, 12], [ 8,  2], [ 0, 20], [15,  4], [ 5, 18], [26, 29], [17,  9], [ 6, 11], [ 1, 16], [19, 28], [21, 10], [ 7, 13], [14, 22]]
