# 10 different group configurations
[[ 0,  1,  2], [ 3,  4,  5], [ 6,  7,  8], [ 9, 10, 11], [12, 13, 14], [15, 16, 17], [18, 19, 20], [21, 22, 23]]
[[14,  7,  0], [22,  1, 10], [ 8, 23, 19], [ 5,  2, 12], [ 9,  3, 18], [16, 13, 11], [15,  4,  6], [21, 20, 17]]
[[ 9, 17, 22], [ 5,  7, 15], [ 8, 12, 18], [ 2, 10,  4], [23, 11,  6], [ 3, 14, 19], [16, 21,  1], [20, 13,  0]]
[[ 3, 10, 12], [ 6,  5, 13], [20,  9,  4], [ 7, 19, 16], [21, 14, 15], [22,  0, 11], [ 8,  1, 17], [ 2, 23, 18]]
[[18,  5,  0], [ 9, 19,  6], [14, 17, 11], [ 3,  2, 21], [ 4,  1, 12], [23, 16, 10], [22,  7, 20], [13, 15,  8]]
[[ 4, 19, 17], [13,  2,  9], [ 5,  8, 16], [21, 12,  7], [15,  0, 10], [ 1, 14, 23], [11, 20,  3], [22,  6, 18]]
[[21, 18, 13], [12, 20, 16], [19, 15,  2], [ 3,  7, 23], [ 1, 11,  5], [ 9,  0,  8], [10, 17,  6], [ 4, 14, 22]]
[[ 4, 23, 13], [16, 14,  9], [ 7,  1, 18], [22, 19,  5], [12, 11, 15], [21,  8, 10], [ 0, 17,  3], [ 2, 20,  6]]
[[ 0,  6, 21], [17, 23, 12], [18,  4, 16], [ 3,  8, 22], [ 1,  9, 15], [10, 13, 19], [ 5, 14, 20], [ 7,  2, 11]]
[[ 7, 17, 13], [10, 14, 18], [15, 23, 20], [ 6,  1,  3], [ 5,  9, 21], [16,  2, 22], [12,  0, 19], [11,  4,  8]]
