# 14 different group configurations
[[ 0,  1,  2], [ 3,  4,  5], [ 6,  7,  8], [ 9, 10, 11], [12, 13, 14], [15, 16, 17], [18, 19, 20], [21, 22, 23], [24, 25, 26], [27, 28, 29], [30, 31, 32]]
[[23, 11, 13], [ 8, 30, 26], [28,  0, 17], [ 9, 19, 14], [32,  2, 20], [ 4, 24, 10], [22, 16,  6], [ 3, 15, 31], [29, 18, 25], [12, 27,  7], [ 1,  5, 21]]
[[15, 29,  6], [ 9,  5,  0], [30, 11, 27], [17, 18, 22], [ 8, 19, 10], [13,  3, 21], [25, 14, 28], [12,  2, 16], [ 7, 20, 24], [23, 26, 32], [31,  1,  4]]
[[26, 22,  4], [11, 14, 17], [18, 15, 23], [29, 19,  0], [ 8, 16, 28], [20,  1, 30], [10, 27, 31], [ 3,  6,  9], [25, 32,  5], [ 7, 13,  2], [12, 21, 24]]
[[ 3, 16, 11], [ 9, 15, 32], [22,  0,  8], [12, 30,  5], [31, 14, 29], [27, 26, 21], [ 6,  1, 24], [19, 25, 23], [20, 13, 17], [28,  2,  4], [10, 18,  7]]
[[27, 13, 15], [14,  3,  0], [ 5,  6, 31], [26, 16, 29], [28, 11, 22], [20, 23,  4], [30, 17, 24], [ 2, 18,  8], [ 9, 21, 25], [ 1,  7, 19], [32, 12, 10]]
[[ 4, 21,  6], [ 8, 23,  5], [16, 25,  1], [ 0, 27, 24], [30, 19,  2], [13, 28, 10], [ 9, 26, 12], [17,  7, 32], [15, 20, 14], [11, 18, 31], [29, 22,  3]]
[[ 1, 26,  3], [20, 28, 31], [11,  6, 25], [27, 16, 19], [ 5, 13, 22], [ 9, 18, 30], [14, 21, 10], [ 0, 12, 23], [24, 32,  8], [ 7, 15,  4], [ 2, 29, 17]]
[[27, 25,  4], [31, 26, 13], [ 1, 10, 17], [ 0, 15, 11], [ 6,  2, 23], [21, 28, 19], [30,  3,  7], [ 5, 16, 20], [ 9, 24, 22], [12,  8, 29], [18, 14, 32]]
[[ 9,  2, 31], [27,  8, 14], [30, 16,  0], [28, 26,  5], [21, 20, 29], [23, 10,  3], [ 6, 19, 17], [12, 15,  1], [32, 11,  4], [22, 25,  7], [13, 24, 18]]
[[29, 24, 23], [ 0, 13, 25], [32,  3, 28], [27,  6, 20], [16,  9,  7], [31, 17,  8], [ 4, 18, 12], [ 2, 10, 26], [19,  5, 11], [15, 30, 21], [ 1, 14, 22]]
[[12, 17, 25], [29,  9, 13], [20,  0, 26], [32,  1, 27], [23,  7, 31], [16, 14,  4], [ 2,  5, 15], [24, 19,  3], [21, 11,  8], [10, 30, 22], [ 6, 18, 28]]
[[25, 10, 20], [21,  0, 18], [12, 31, 22], [19, 15, 26], [29,  5,  7], [ 9,  4,  8], [14,  6, 30], [24,  2, 11], [28, 23,  1], [ 3, 27, 17], [13, 32, 16]]
[[29, 30,  4], [26,  7, 14], [15, 24, 28], [ 1,  8, 13], [ 0,  6, 10], [ 5, 18, 27], [ 9, 23, 17], [ 3,  2, 25], [19, 22, 32], [12, 11, 20], [31, 16, 21]]
