# 13 different group configurations
[[ 0,  1,  2], [ 3,  4,  5], [ 6,  7,  8], [ 9, 10, 11], [12, 13, 14], [15, 16, 17], [18, 19, 20], [21, 22, 23], [24, 25, 26], [27, 28, 29]]
[[25, 23,  7], [ 0, 24, 29], [17, 12,  1], [10,  8, 22], [21, 15,  9], [26,  5, 11], [ 2, 18,  4], [27, 20,  3], [16, 28, 14], [19,  6, 13]]
[[10, 29,  6], [22, 19, 12], [13,  9, 28], [21,  5,  1], [ 8, 16,  2], [11,  0, 14], [ 3, 24, 18], [15, 27,  7], [23, 20, 26], [25, 17,  4]]
[[15, 29, 12], [17, 13,  2], [ 6,  3, 25], [10,  4, 20], [22, 27, 18], [28, 11, 21], [24,  1, 23], [ 9, 26,  7], [ 0,  5, 16], [14, 19,  8]]
[[25, 18,  8], [ 0,  4, 15], [11,  1, 19], [13, 20,  5], [21, 12, 26], [ 9, 22, 24], [29, 23, 14], [17, 28,  3], [16,  6, 27], [ 7, 10,  2]]
[[ 7, 12, 24], [23,  2,  6], [ 9, 27, 19], [20, 29,  1], [25, 11, 13], [ 3, 22, 14], [17, 10,  0], [15,  5, 28], [21, 16, 18], [ 8, 26,  4]]
[[26, 14,  1], [11, 27,  2], [ 5, 19, 29], [ 8, 21, 24], [23, 28, 18], [16,  9,  4], [ 3,  7, 13], [20, 22, 17], [12,  6,  0], [15, 10, 25]]
[[ 8, 13, 15], [19, 17,  7], [12, 27,  5], [ 4, 28,  1], [11,  6, 24], [ 0, 18, 26], [16, 23, 10], [25, 29, 22], [ 3,  9,  2], [14, 20, 21]]
[[24, 16, 13], [14,  9, 17], [ 3, 10, 21], [20, 11,  7], [ 8, 27,  0], [15, 18,  1], [22,  5,  6], [29, 26,  2], [23, 12,  4], [19, 25, 28]]
[[ 3, 15, 26], [29,  9,  8], [ 6, 18, 14], [23, 13, 27], [28, 10, 12], [ 1,  7, 16], [21,  2, 19], [ 5, 24, 17], [ 4, 22, 11], [25,  0, 20]]
[[11, 17, 18], [ 6, 21,  4], [14,  7,  5], [13,  0, 22], [ 8, 20, 12], [ 1, 25,  9], [15, 19, 23], [10, 26, 27], [28,  2, 24], [16,  3, 29]]
[[24,  4, 19], [ 1,  8,  3], [28,  7, 22], [17,  6, 26], [18, 10,  5], [14, 27, 25], [11, 12, 16], [21, 29, 13], [23,  9,  0], [20,  2, 15]]
[[17, 21, 27], [ 5, 25,  2], [20,  6, 28], [23,  8, 11], [15, 14, 24], [13, 10,  1], [26, 22, 16], [ 4,  7, 29], [ 9, 12, 18], [19,  3,  0]]
