# 9 different group configurations
[[ 0,  1,  2,  3], [ 4,  5,  6,  7], [ 8,  9, 10, 11], [12, 13, 14, 15], [16, 17, 18, 19], [20, 21, 22, 23], [24, 25, 26, 27], [28, 29, 30, 31], [32, 33, 34, 35]]
[[ 3, 28,  6, 14], [ 7, 27, 23, 12], [ 0, 13,  4, 30], [ 2, 34, 26, 17], [ 1, 32, 25, 31], [10, 15, 22, 16], [ 5, 18, 29,  9], [33, 24, 21,  8], [11, 35, 19, 20]]
[[ 5,  1, 35, 17], [21,  7, 19,  3], [30, 18, 34, 24], [32, 13, 28, 27], [31,  4, 26, 16], [23,  6, 29,  8], [33, 11, 25, 15], [12,  9,  0, 22], [20, 14,  2, 10]]
[[20, 29,  1, 16], [ 4, 19, 27, 34], [ 3, 31,  9, 15], [14, 17, 30, 11], [ 8, 32,  2, 12], [28, 22, 24, 35], [ 0, 18,  6, 21], [ 7, 25, 10, 13], [26,  5, 23, 33]]
[[15, 18,  7,  8], [ 1, 33, 28,  9], [10, 34,  3,  5], [12, 30, 16, 25], [13,  6, 20, 31], [35,  4, 21, 14], [22, 17, 29, 27], [ 0, 26, 19, 32], [24, 11, 23,  2]]
[[31, 21, 27, 10], [33, 14,  7, 16], [30, 15, 19,  5], [ 8, 26, 13, 22], [23, 25,  9, 35], [ 3, 29, 11, 32], [18,  4, 28,  2], [17,  0, 20, 24], [12,  1,  6, 34]]
[[35, 30, 10, 26], [ 9,  2, 13, 19], [25, 18,  3, 20], [12, 33, 29,  4], [ 7, 11,  1, 22], [ 5,  0,  8, 27], [31, 23, 34, 14], [17, 21, 15, 28], [24,  6, 16, 32]]
[[24, 15,  1,  4], [ 0,  7, 31, 35], [11, 26, 12, 18], [32,  5, 22, 14], [34, 16,  8, 28], [19, 33,  6, 10], [30, 27,  9, 20], [23,  3, 17, 13], [21,  2, 25, 29]]
[[ 3, 30, 22, 33], [ 5, 12, 31, 24], [13, 16, 11, 21], [19, 25, 14,  8], [35,  6,  2, 27], [26,  7, 20, 28], [ 4,  9, 17, 32], [ 0, 15, 29, 34], [ 1, 18, 23, 10]]
